0.26 0.20 0.65 0.755872 -0.612878 -0.0464803 0.22556
0.186961 0.424272 0.543895 -0.230403 -0.673347 0.484887 -0.508336
0.26 0.20 0.65 0.755872 -0.612878 -0.0464803 0.22556
0.187241 0.491332 0.451825 0.192586 -0.653183 0.478419 -0.554418
0.26 0.20 0.65 0.755872 -0.612878 -0.0464803 0.22556
0.238959 0.429026 0.504686 -0.125581 0.960635 0.24765 -0.00885063
0.26 0.20 0.65 0.755872 -0.612878 -0.0464803 0.22556
0.219039 0.489886 0.380746 -0.139165 0.955578 0.252844 -0.0597813
0.26 0.20 0.65 0.755872 -0.612878 -0.0464803 0.22556
0.204729 0.72744 0.523149 0.398061 0.915772 -0.0532614 0.00856666
0.26 0.20 0.65 0.755872 -0.612878 -0.0464803 0.22556
0.185699 0.7007 0.460089 0.400876 0.876267 -0.255817 -0.0775412
0.26 0.20 0.65 0.755872 -0.612878 -0.0464803 0.22556
0.191257 0.770431 0.424197 -0.59143 -0.715827 -0.0596708 -0.366391
0.26 0.20 0.65 0.755872 -0.612878 -0.0464803 0.22556
0.184437 0.797271 0.386827 -0.585918 -0.714976 -0.0803531 -0.372898
0.26 0.20 0.65 0.755872 -0.612878 -0.0464803 0.22556
0.441917 0.537721 0.529885 0.982986 0.0733436 -0.102573 -0.133561
0.441917 0.537721 0.729885 0.982986 0.0733436 -0.102573 -0.133561
0.108815 0.320314 0.550421 0.924826 0.111484 0.0896789 -0.352458
0.126935 0.372414 0.444851 -0.85405 -0.0383565 -0.0106107 0.518666
0.126935 0.372414 0.594851 -0.85405 -0.0383565 -0.0106107 0.518666
0.215328 0.694726 0.789253 0.710834 0.7016 0.0293964 0.0401066
0.215328 0.694726 0.789253 0.710834 0.7016 0.0293964 0.0401066
0.215328 0.694726 0.989253 0.710834 0.7016 0.0293964 0.0401066
0.225438 0.53134 0.566677 0.722726 0.690402 0.0305956 0.00864828
0.217088 0.55253 0.480567 0.710834 0.7016 0.0293964 0.0401066
0.217088 0.55253 0.680567 0.710834 0.7016 0.0293964 0.0401066
0.356669 0.527 0.470289 0.982811 0.0661207 -0.0757642 -0.154826
0.345409 0.55547 0.380569 0.982986 0.0733436 -0.102573 -0.133561
0.345409 0.55547 0.580569 0.982986 0.0733436 -0.102573 -0.133561
0.0580934 0.546594 0.507763 -0.412425 0.901428 -0.0226979 0.129682
0.0421934 0.578284 0.405123 -0.434287 0.898564 -0.00807841 0.0625515
0.0421934 0.578284 0.605123 -0.434287 0.898564 -0.00807841 0.0625515

    